1 683717.5453 388226.5490 188.9901 ca
2 683717.9734 388224.0804 188.9471 cond
3 683720.7911 388230.4106 188.9561 apa
4 683716.0784 388223.4939 188.9800 ce
5 683716.6775 388223.6834 188.9140 acc
6 683722.0846 388223.0616 188.7981 acc
7 683717.4421 388229.7702 188.9900 acc
8 683717.6620 388230.6941 189.0021 acc
9 683717.9504 388232.5570 188.9941 acc
10 683718.5222 388237.6812 189.0401 acc
11 683720.5131 388241.6664 189.1311 stb
12 683719.6147 388241.6787 189.1261 cex2
13 683723.8425 388250.6058 189.1272 apa
14 683723.1121 388256.3174 189.2262 canaliz
15 683721.1819 388242.0649 189.0681 canaliz
16 683717.7795 388230.5209 188.9421 elsub
17 683718.5217 388236.0597 188.9801 elsub
18 683705.3785 388224.6061 189.1248 cc
19 683706.9947 388237.7759 188.8678 cc
20 683710.2025 388221.9994 188.7129 cc
21 683710.6022 388211.6346 188.6129 cc
22 683711.5130 388211.7081 190.9409 cc
23 683710.6194 388211.6995 188.6079 cc
24 683712.4655 388208.3969 188.6449 ca
25 683714.5880 388217.8648 188.6990 c
26 683704.7961 388217.3546 188.7468 c
27 683696.9590 388215.9724 188.8816 c
28 683696.7376 388210.4587 188.8086 c
29 683701.2197 388210.0113 188.6037 c
30 683704.1494 388206.6532 188.5098 c
31 683696.8838 388207.7821 188.7936 c
32 683690.4462 388207.1118 188.9645 c
33 683685.4019 388209.4024 188.8674 c
34 683684.1674 388216.1248 188.7774 c
35 683684.3865 388221.7917 188.8694 c
36 683690.1898 388218.1997 188.8445 c
37 683694.6658 388221.2604 188.6536 cc
38 683691.3616 388222.5484 188.7105 ccv
39 683701.2353 388220.0982 188.6647 c
40 683710.5813 388211.7257 188.5829 cc
41 683717.4416 388214.5605 188.7670 c
42 683721.6689 388220.0856 188.8731 c
43 683723.4719 388233.9533 188.9022 c
44 683716.8211 388222.7098 188.6450 a
