1 683681.2122 388326.4370 190.3763 ax
2 683691.2384 388315.4136 189.8125 stb
3 683673.4737 388300.4709 190.1742 ax
4 683685.7110 388285.4054 189.3214 p
5 683687.5056 388284.5634 189.3865 p
6 683685.1749 388281.8722 189.3044 p
7 683683.3288 388282.4178 189.4434 p
8 683680.3835 388278.5746 189.3773 s
9 683684.2844 388281.3662 188.3994 as
10 683683.9500 388279.4240 189.2024 lp
11 683690.4535 388283.7231 189.4005 d
12 683690.5883 388281.1194 189.3345 d
13 683689.8429 388284.1871 189.5535 c
14 683690.8670 388287.6271 189.1295 s
15 683713.3013 388286.8108 189.2640 d
16 683713.9972 388283.4556 189.2800 d
17 683713.4138 388282.2361 189.2360 stb
18 683712.3195 388281.7310 189.3150 ce
19 683710.5459 388281.4102 189.2499 gb
20 683686.0170 388287.3714 189.5024 s
21 683684.8231 388287.8807 189.4474 ca
22 683678.9188 388274.7252 189.2773 s
23 683675.6707 388263.4910 189.1542 s
24 683677.2463 388260.0344 188.4672 lp
25 683676.4282 388260.0743 188.1362 s
26 683681.2136 388277.1253 188.3803 s
27 683682.0566 388276.9370 188.5343 l
28 683662.7374 388264.5287 190.0220 ax
29 683671.5932 388249.2807 189.0901 stb
30 683669.2628 388240.9034 188.6921 s
31 683664.1896 388221.4406 188.5260 s
32 683664.2449 388221.4727 188.4070 sl
33 683665.1770 388222.9813 187.9500 s
34 683669.0159 388229.6074 188.9551 l
35 683653.0835 388232.1212 189.8158 ax
36 683633.0106 388165.2548 189.2963 ax
37 683610.9781 388091.6947 188.8478 ax
38 683607.7573 388092.5797 188.6628 bkm177
39 683658.7795 388203.6684 189.1589 4
40 683658.7774 388203.6670 189.1559 lp
41 683651.7865 388204.9882 188.6477 T
42 683680.0037 388279.7449 189.5553 T
43 683674.4403 388261.1530 189.2522 T
44 683669.2696 388261.6219 189.1541 T
45 683675.0142 388286.3398 189.6602 T
46 683731.9282 388207.6134 188.4443 lp
47 683721.0553 388210.5891 188.6481 lp
48 683720.0672 388207.2352 188.0411 lp
49 683718.9170 388164.6477 188.0761 lp
50 683675.8901 388165.5321 188.1212 lp
51 683649.7278 388166.3767 188.0087 lp
52 683648.3172 388167.1786 188.3766 s
53 683750.1886 388204.3696 188.9047 stb
